lats: [35.725912, 35.729117]
longs: [-78.696952, -78.697124]
altitude: 30
