lats: [35.72846872467057, 35.72936972837604]
longs: [-78.69600685432103, -78.69652958095071]
altitude: 10