function h=Cor_filt()
h=[ -1,    -1,    -1,    -1,    -1,    -1,    -1,    -1,    -1,    -1,    -1,     1,    -1,    -1,    -1,    -1,    -1,     1,    -1,     1,    -1,    -1,     1,    -1,    -1,    -1,    -1,     1,    -1,     1,    -1,     1,    -1,    -1,     1,    -1,    -1,    -1,     1,    -1,    -1,     1,    -1,     1,     1,     1,    -1,     1,    -1,     1,    -1,    -1,    -1,     1,     1,    -1,    -1,    -1,     1,    -1,    -1,    -1,     1,    -1,    -1,    -1,    -1,    -1,     1,     1,    -1,    -1,    -1,     1,    -1,     1,     1,     1,    -1,    -1,    -1,     1,     1,    -1,    -1,    -1,     1,     1,     1,    -1,     1,    -1,    -1,     1,     1,     1,    -1,     1,     1,     1,    -1,     1,    -1,    -1,    -1,    -1,     1,     1,     1,     1,    -1,     1,    -1,    -1,    -1,    -1,     1,     1,    -1,     1,    -1,     1,    -1,    -1,     1,    -1,    -1,     1,    -1,    -1,    -1,     1,    -1,    -1,    -1,    -1,     1,     1,     1,    -1,    -1,    -1,    -1,    -1,    -1,     1,     1,     1,    -1,    -1,     1,     1,     1,    -1,     1,     1,    -1,     1,    -1,    -1,    -1,    -1,     1,    -1,     1,    -1,    -1,     1,    -1,     1,    -1,    -1,     1,    -1,     1,     1,     1,     1,    -1,     1,     1,    -1,    -1,     1,    -1,     1,     1,     1,     1,    -1,     1,    -1,    -1,    -1,     1,    -1,     1,    -1,     1,    -1,    -1,     1,     1,    -1,    -1,     1,    -1,    -1,    -1,    -1,    -1,     1,     1,     1,     1,    -1,     1,    -1,     1,    -1,    -1,     1,     1,    -1,    -1,    -1,    -1,    -1,    -1,    -1,    -1,    -1,     1,    -1,     1,    -1,    -1,    -1,     1,    -1,    -1,    -1,     1,     1,    -1,     1,    -1,    -1,     1,    -1,    -1,    -1,    -1,    -1,     1,     1,    -1,     1,    -1,     1,    -1,     1,     1,    -1,    -1,     1,    -1,     1,    -1,    -1,    -1,    -1,     1,    -1,     1,     1,     1,     1,    -1,     1,    -1,     1,    -1,     1,    -1,     1,    -1,    -1,    -1,     1,     1,     1,     1,    -1,     1,    -1,    -1,     1,    -1,     1,     1,    -1,     1,     1,     1,     1,    -1,     1,     1,    -1,     1,    -1,    -1,     1,     1,     1,    -1,     1,    -1,     1,    -1,     1,    -1,    -1,     1,    -1,    -1,     1,     1,    -1,    -1,     1,    -1,    -1,     1,    -1,    -1,     1,     1,     1,    -1,    -1,    -1,    -1,     1,     1,    -1,     1,     1,    -1,     1,    -1,     1,    -1,     1,    -1,    -1,     1,     1,    -1,     1,     1,    -1,    -1,    -1,    -1,     1,     1,    -1,     1,     1,     1,     1,    -1,     1,    -1,     1,     1,    -1,    -1,     1,    -1,    -1,     1,    -1,    -1,    -1,     1,     1,    -1,    -1,    -1,     1,     1,    -1,    -1,     1,    -1,    -1,     1,    -1,     1,     1,     1,     1,    -1,    -1,     1,    -1,    -1,     1,    -1,    -1,     1,    -1,     1,    -1,    -1,    -1,    -1,    -1,     1,     1,     1,     1,     1,     1,    -1,     1,    -1,    -1,    -1,     1,     1,    -1,    -1,     1,    -1,    -1,    -1,    -1,     1,     1,     1,     1,     1,    -1,    -1,    -1,    -1,    -1,    -1,    -1,     1,    -1,    -1,    -1,     1,    -1,     1,    -1,     1,    -1,     1,     1,     1,    -1,    -1,     1,     1,    -1,     1,    -1,    -1,    -1,     1,     1,     1,    -1,    -1,    -1,    -1,    -1,     1,     1,     1,     1,    -1,    -1,    -1,     1,    -1,    -1,     1,    -1,    -1,     1,    -1,    -1,     1,    -1,    -1,    -1,    -1,    -1,    -1,    -1,    -1,     1,    -1,     1,     1,    -1,    -1,     1,    -1,    -1,     1,     1,    -1,    -1,     1,     1,    -1,     1,    -1,    -1,     1,    -1,     1,     1,    -1,    -1,     1,     1,     1,    -1,     1,    -1,    -1,    -1,    -1,    -1,    -1,     1,     1,    -1,     1,     1,     1,     1,     1,     1,    -1,     1,     1,    -1,     1,     1,     1,    -1,     1,     1,    -1,    -1,     1,     1,     1,    -1,     1,     1,    -1,    -1,    -1,    -1,    -1,    -1,     1,     1,     1,     1,    -1,     1,     1,     1,    -1,    -1,     1,     1,     1,    -1,     1,    -1,    -1,     1,    -1,    -1,    -1,     1,     1,     1,     1,    -1,     1,     1,    -1,     1,    -1,     1,     1,     1,     1,    -1,     1,     1,     1,     1,     1,    -1,     1,     1,    -1,    -1,     1,    -1,    -1,     1,     1,     1,    -1,     1,     1,    -1,     1,     1,    -1,    -1,    -1,     1,    -1,    -1,    -1,     1,     1,    -1,    -1,    -1,    -1,     1,    -1,    -1,     1,    -1,     1,     1,     1,     1,     1,    -1,     1,    -1,    -1,     1,     1,    -1,    -1,    -1,     1,     1,    -1,    -1,    -1,    -1,    -1,     1,    -1,     1,    -1,     1,    -1,    -1,    -1,    -1,    -1,    -1,     1,    -1,     1,     1,     1,     1,     1,    -1,    -1,     1,    -1,     1,     1,    -1,     1,     1,    -1,    -1,    -1,     1,     1,    -1,    -1,     1,     1,    -1,     1,    -1,     1,     1,    -1,     1,     1,    -1,     1,     1,    -1,     1,    -1,    -1,    -1,    -1,    -1,    -1,     1,    -1,    -1,     1,     1,     1,     1,    -1,     1,     1,     1,     1,     1,     1,     1,     1,    -1,    -1,     1,     1,    -1,    -1,     1,     1,     1,     1,     1,    -1,     1,    -1,    -1,     1,    -1,    -1,    -1,    -1,     1,     1,     1,    -1,     1,    -1,    -1,    -1,    -1,     1,    -1,     1,     1,    -1,     1,    -1,     1,    -1,     1,     1,     1,     1,     1,    -1,     1,    -1,     1,     1,     1,    -1,    -1,    -1,    -1,     1,     1,    -1,    -1,     1,    -1,     1,    -1,     1,     1,     1,     1,    -1,     1,    -1,    -1,     1,     1,    -1,     1,    -1,     1,     1,    -1,    -1,     1,    -1,     1,     1,    -1,    -1,    -1,     1,    -1,    -1,     1,    -1,     1,    -1,    -1,    -1,     1,    -1,     1,     1,     1,     1,    -1,     1,     1,     1,    -1,     1,    -1,     1,     1,    -1,     1,     1,     1,    -1,     1,    -1,     1,    -1,     1,     1,     1,     1,    -1,    -1,     1,    -1,     1,     1,    -1,    -1,     1,    -1,    -1,    -1,     1,    -1,    -1,     1,     1,     1,     1,     1,    -1,     1,     1,     1,     1,    -1,    -1,    -1,     1,    -1,    -1,    -1,    -1,    -1,     1,    -1,    -1,    -1,    -1,     1,    -1,    -1,     1,    -1,    -1,    -1,     1,     1,     1,    -1,    -1,     1,     1,    -1,     1,     1,     1,    -1,     1,     1,     1,     1,     1,     1,     1,    -1,    -1,    -1,     1,     1,    -1,     1,     1,    -1,     1,     1,    -1,    -1,     1,    -1,    -1,    -1,    -1,     1,    -1,     1,     1,     1,    -1,    -1,     1,    -1,     1,    -1,    -1,    -1,    -1,    -1,    -1,     1,     1,     1,     1,     1,     1,     1,     1,    -1,    -1,    -1,     1,    -1,    -1,     1,     1,    -1,     1,    -1,    -1,     1,     1,    -1,     1,    -1,    -1,     1,    -1,    -1,     1,    -1,    -1,     1,     1,    -1,    -1,    -1,    -1,    -1,     1,    -1,    -1,    -1,     1,    -1,    -1,    -1,     1,    -1,     1,     1,    -1,    -1,     1,     1,     1,     1,     1,    -1,    -1,    -1,    -1,     1,    -1,    -1,     1,    -1,    -1,     1,     1,     1,     1,    -1,    -1,    -1,     1,     1,     1,     1,    -1,    -1,     1,     1,     1,    -1,     1,    -1,     1,     1,    -1,    -1,    -1,     1,    -1,     1,    -1,    -1,     1,    -1,    -1,     1,    -1,     1,    -1,     1,    -1,    -1,    -1,     1,     1,    -1,     1,    -1,     1,    -1,    -1,    -1,    -1,    -1,     1,    -1,    -1,     1,     1,     1,    -1,    -1,     1,     1,     1,     1,    -1,     1,    -1,     1,    -1,     1,     1,     1,    -1,    -1,    -1,     1,    -1,     1,    -1,    -1,     1,     1,    -1,     1,    -1,     1,    -1,    -1,    -1,     1,    -1,     1,    -1,    -1,     1,    -1,     1,     1,    -1,     1,    -1,     1,     1,    -1,     1,     1,     